Year,State,People Killed,People Injured,Total Incident,Population,Poverty.Rate*100,Average.Income,Death Per Capita,Incidents Per Capita
2017,Alabama,547,859,1094,4903185,16.89,26471.72046,0.00011156013897089341,0.00022312027794178682
2017,Alaska,71,68,142,731545,11.11,34438.53759,9.705486333718363e-05,0.00019410972667436725
2017,Arizona,289,300,578,7278717,14.86,29420.61094,3.970479962334021e-05,7.940959924668042e-05
2017,Arkansas,215,444,430,3017804,16.4,25272.81432,7.124385811669678e-05,0.00014248771623339356
2017,California,1427,1951,2854,39512223,13.3,35128.22756,3.6115406617339655e-05,7.223081323467931e-05
2017,Colorado,200,300,400,5758736,10.29,36491.06897,3.472984349343328e-05,6.945968698686656e-05
2017,Connecticut,89,292,178,3565287,9.59,41961.13526,2.4962927248213117e-05,4.9925854496426234e-05
2017,Delaware,57,250,114,973764,13.58,34849.82608,5.853574377364536e-05,0.00011707148754729072
2017,Florida,962,1807,1924,21477737,14.05,29834.12689,4.479056615694661e-05,8.958113231389322e-05
2017,Georgia,659,1062,1318,10617423,14.95,29607.16698,6.206779177960603e-05,0.00012413558355921206
2017,Hawaii,8,20,16,1415872,9.55,33731.14697,5.6502282692220764e-06,1.1300456538444153e-05
2017,Idaho,50,35,100,1787065,12.83,26228.79206,2.797883680783855e-05,5.59576736156771e-05
2017,Illinois,963,3633,1926,12671821,12.55,33998.3873,7.599539166470233e-05,0.00015199078332940466
2017,Indiana,413,736,826,6732219,13.48,28224.28091,6.134678625279421e-05,0.00012269357250558843
2017,Iowa,73,233,146,3155070,10.73,30953.90686,2.3137363037904072e-05,4.6274726075808145e-05
2017,Kansas,155,263,310,2913314,11.9,30312.84906,5.3204014397349545e-05,0.00010640802879469909
2017,Kentucky,274,521,548,4467673,17.24,26627.37441,6.132946614490362e-05,0.00012265893228980725
2017,Louisiana,557,1188,1114,4648794,19.75,26010.45294,0.00011981602110138673,0.00023963204220277346
2017,Maine,33,35,66,1344212,11.07,30838.04568,2.4549699005811585e-05,4.909939801162317e-05
2017,Maryland,490,868,980,6045680,9.28,40124.1792,8.104960897698852e-05,0.00016209921795397704
2017,Massachusetts,127,451,254,6892503,10.45,41926.48685,1.8425817152346542e-05,3.6851634304693083e-05
2017,Michigan,376,778,752,9986857,14.16,30411.4715,3.76494827151325e-05,7.5298965430265e-05
2017,Minnesota,114,282,228,5639632,9.49,35944.1087,2.021408489064535e-05,4.04281697812907e-05
2017,Mississippi,327,592,654,2976149,19.77,23124.98023,0.00010987353119753077,0.00021974706239506154
2017,Missouri,613,925,1226,6137428,13.42,29469.19863,9.987897210362387e-05,0.00019975794420724774
2017,Montana,41,33,82,1068778,12.47,29906.44047,3.836156807119907e-05,7.672313614239814e-05
2017,Nebraska,47,142,94,1934408,10.77,30542.17237,2.429683913631457e-05,4.859367827262914e-05
2017,Nevada,260,658,520,3080156,13.0,30117.40331,8.44113090375942e-05,0.0001688226180751884
2017,New Hampshire,23,29,46,1359711,7.7,38328.50237,1.6915359219716544e-05,3.383071843943309e-05
2017,New Jersey,278,669,556,8882190,9.99,40627.22391,3.129858739792776e-05,6.259717479585552e-05
2017,New Mexico,126,140,252,2096829,19.65,25313.832,6.009073701288946e-05,0.00012018147402577892
2017,New York,352,1087,704,19453561,14.08,37157.92734,1.8094373569959763e-05,3.6188747139919526e-05
2017,North Carolina,561,1155,1122,10488084,14.7,29533.72011,5.348927411336523e-05,0.00010697854822673046
2017,North Dakota,16,32,32,762062,10.32,33719.34738,2.099566701921891e-05,4.199133403843782e-05
2017,Ohio,703,1514,1406,11689100,13.97,30127.10124,6.014149934554414e-05,0.00012028299869108828
2017,Oklahoma,248,378,496,3956971,15.83,26286.88472,6.267420206011113e-05,0.00012534840412022226
2017,Oregon,101,167,202,4217737,13.24,31918.45573,2.3946490736620137e-05,4.7892981473240274e-05
2017,Pennsylvania,656,1342,1312,12801989,12.49,32810.38295,5.124203746777161e-05,0.00010248407493554322
2017,Rhode Island,11,79,22,1059361,11.62,34875.57652,1.0383618048993686e-05,2.0767236097987372e-05
2017,South Carolina,397,797,794,5148714,15.4,27802.78975,7.710663284074432e-05,0.00015421326568148863
2017,South Dakota,19,21,38,884659,13.0,30084.53,2.1477201950129936e-05,4.295440390025987e-05
2017,Tennessee,509,1197,1018,6829174,14.95,28655.88187,7.453317194729553e-05,0.00014906634389459105
2017,Texas,1191,1544,2382,28995881,14.73,29546.10192,4.107479955515061e-05,8.214959911030122e-05
2017,Utah,71,109,142,3205958,9.71,27925.92137,2.2146266420208873e-05,4.4292532840417746e-05
2017,Vermont,9,11,18,623989,11.31,32499.45608,1.4423331180517605e-05,2.884666236103521e-05
2017,Virginia,387,935,774,8535519,10.64,37485.33127,4.533994945122845e-05,9.06798989024569e-05
2017,Washington,233,353,466,7614893,11.03,37144.83462,3.059793486264351e-05,6.119586972528701e-05
2017,West Virginia,83,156,166,1792147,19.08,24357.05201,4.631316515888485e-05,9.26263303177697e-05
2017,Wisconsin,209,531,418,5822434,11.33,32003.04263,3.58956408951995e-05,7.1791281790399e-05
2017,Wyoming,9,13,18,578759,11.33,30809.19688,1.5550514117275067e-05,3.1101028234550134e-05
